40.487386 23.596722
40.097854 23.437297
40.187549 23.794397
40.467818 23.276774
40.277924 23.444131
40.398178 23.878921
40.257182 24.245642
39.970574 23.919930
40.444233 23.680327
40.312016 23.063361
40.239382 23.283929
39.946193 23.531817
40.095044 23.782260
40.217262 23.669855
40.293163 23.545274
40.325774 23.982267
40.369312 23.159980
39.988786 23.614820
40.377528 23.441502
39.963767 23.380025
40.334955 23.724034
40.091066 23.312003
40.093456 23.978882
40.529959 23.751533
40.513395 23.826336
